1.723795676589361331e-03
1.375445240682893241e-05
1.010697066931243252e-05
8.571074918108934206e-06
7.948358147586986956e-06
7.381307284504146082e-06
6.887510819524322801e-06
6.914083357969502991e-06
6.838681683802861026e-06
6.808413179442140566e-06
6.590432788016187192e-06
6.670801119526004152e-06
7.141374082948459782e-06
6.228998215647152629e-06
6.387672162873059177e-06
6.761276441693553487e-06
6.688885176799885440e-06
6.130773844006398712e-06
6.633238419908593608e-06
6.149795940473267868e-06
6.099953970988281342e-06
6.012069815142240428e-06
6.059233423911792167e-06
5.851267849266150395e-06
6.116916663359006261e-06
5.507160597062465798e-06
5.805752630294591993e-06
5.403905712455525442e-06
5.594227382061944538e-06
5.527449374085335571e-06
5.280168177250743712e-06
5.349594190420248501e-06
5.311310492288611888e-06
4.844504081802369571e-06
5.177708832206917713e-06
4.991266520164572217e-06
4.868079346351806098e-06
4.913589194757151140e-06
4.835060281038749963e-06
4.718624178394748116e-06
4.776598566422762849e-06
4.578305840823304878e-06
4.672665251064245341e-06
4.555853176952951296e-06
4.464051481818387808e-06
4.404613824817715761e-06
4.344117801338143317e-06
4.279741318669039174e-06
4.230735745522906858e-06
4.160022682526687514e-06
4.128753099621462549e-06
4.073296547630889515e-06
4.033663249174423575e-06
3.998618826699384547e-06
3.951743684638131187e-06
3.926357562704652014e-06
3.898197701346362179e-06
3.857766195096701538e-06
3.828516124713132604e-06
3.804130076332512494e-06
3.762838952070524016e-06
3.729017495288644517e-06
3.697359163084002107e-06
3.660585620082201667e-06
3.629142727845646563e-06
3.600771517540124342e-06
3.558346982117654836e-06
3.518973319955875821e-06
3.490118681384046592e-06
3.474858102663347313e-06
3.446226747882974535e-06
3.417606985749444095e-06
3.398138129000472065e-06
3.360824831020181456e-06
3.326397045952944473e-06
3.359967069513913833e-06
3.205340614158558412e-06
3.266365768581636025e-06
3.213810128386285079e-06
3.182143105959767076e-06
3.114006913733646730e-06
3.091622917850145144e-06
3.053065602216520245e-06
3.301393319929957334e-06
3.022179207619046945e-06
3.175403156205902836e-06
3.025591074106159812e-06
3.069186800530587958e-06
3.054409593232776405e-06
3.005594542173639604e-06
3.008188697322111625e-06
3.068344581720339006e-06
2.934115400989867221e-06
2.939761064340018510e-06
2.932147751266711566e-06
2.921914761486732662e-06
2.886332387674883733e-06
2.909817795853087050e-06
3.932717641532690458e-05
7.691304890613537417e-06
6.524791733681922677e-06
5.987547717722918944e-06
5.530404636147068536e-06
5.116938021956229728e-06
4.730625761339979363e-06
4.259240511146345180e-06
4.100049761746049795e-06
4.003515565500492609e-06
3.886008506697180836e-06
3.831566082226345282e-06
3.792907542674583999e-06
3.749839731881366048e-06
3.717330258723450243e-06
3.661912008965373592e-06
3.616130085219992839e-06
3.570902468936765116e-06
3.568447739326075139e-06
3.524317207279637051e-06
3.490094501330531852e-06
3.460186568418066566e-06
3.423237611741569573e-06
3.414309878735366595e-06
3.396644447093422008e-06
3.355243427449750100e-06
3.368118464095459819e-06
3.321052386127121145e-06
3.282392634673669733e-06
3.328144359215912118e-06
3.267383523279931995e-06
3.266243445523286903e-06
3.235815901234673423e-06
3.259258661501007855e-06
3.193150802758282344e-06
3.218706242478219741e-06
3.170644575902770038e-06
3.145743353343277721e-06
3.132262392000484515e-06
3.123049253304088898e-06
3.097678852554963652e-06
3.094004367767411219e-06
3.080249526306033472e-06
3.070654985322107745e-06
3.067857218184144450e-06
3.049093870686192565e-06
3.040944244503407305e-06
3.026727541737273173e-06
3.014295188563664851e-06
3.007700102557464747e-06
2.993205450252389625e-06
2.977649042463781353e-06
2.969394732872387875e-06
2.958184012413767050e-06
2.953545117634348741e-06
2.942625746982230424e-06
2.927871585143293521e-06
2.916839324598186203e-06
2.913621276547928709e-06
2.901698501887040072e-06
2.886939220729800429e-06
2.882775772832246662e-06
2.874720700560828879e-06
2.859236628296457689e-06
2.857107050999729785e-06
2.846601625492439814e-06
2.842673607119650165e-06
2.831713574664718248e-06
2.826717187076610487e-06
2.810858477459987693e-06
2.793561134240008129e-06
2.782820707807331776e-06
2.815279927403935289e-06
2.771897761704167199e-06
2.764880524068757967e-06
2.759150018505352078e-06
2.755615140017653226e-06
2.744810620924909102e-06
2.736464361987600365e-06
2.732974123773601723e-06
2.724082572740371790e-06
2.716420216302140051e-06
2.711174961973483631e-06
2.705487458456445944e-06
2.704678524310111192e-06
2.694412877417562261e-06
2.680284210896388804e-06
2.674342104569404995e-06
2.670162256208641321e-06
2.660802934428829758e-06
2.658035285207915877e-06
2.674391927826036493e-06
2.656190590641926923e-06
2.625544785246347499e-06
2.622098115807603033e-06
2.615198971511745270e-06
2.607636388916034894e-06
2.606636311952570564e-06
2.594747674038444546e-06
2.583772762818625813e-06
2.580267288863069417e-06
2.579827500426290583e-06
2.598300996510261097e-06
2.574691675931717260e-06
2.561230186302054654e-06
2.566096658256356039e-06
2.545391254216156085e-06
2.551783061335299829e-06
2.543455038335195964e-06
2.534148084691878483e-06
2.533761123117983533e-06
2.529101522554810681e-06
2.533925419356819390e-06
2.533229518348889355e-06
2.550927563333971261e-06
2.501784294395292818e-06
2.513174613341106999e-06
2.526236727931063678e-06
2.509386919768985366e-06
2.498368401688821718e-06
2.520438363831090067e-06
2.478432135148977909e-06
2.516946659056884562e-06
2.460869980609459230e-06
2.467656108251503695e-06
2.479426746049284787e-06
2.474079219041413832e-06
2.503620723359745001e-06
2.508449787796962567e-06
2.472212050861344527e-06
2.470005140366993197e-06
2.493741550324557296e-06
2.462817778905446311e-06
2.475699487263227571e-06
2.492109393870123398e-06
2.493520660777903533e-06
2.481452635834102677e-06
2.465906071620338632e-06
2.463410064592608047e-06
2.457704066500809842e-06
2.450756126677333482e-06
2.444357430704258133e-06
2.436548924720227779e-06
2.406580326805851858e-06
2.380785235800430941e-06
2.431683764143599530e-06
2.431582149711175724e-06
2.421431307197963009e-06
2.405120723665276996e-06
2.407668851560629112e-06
2.396480349489138258e-06
2.443773066147514311e-06
2.377605910623970162e-06
2.400405631988178407e-06
2.390821072140170230e-06
2.425410718274179293e-06
2.402023293939237293e-06
2.409110458643226627e-06
2.412655337025171151e-06
2.419561063220498756e-06
2.502211455635006301e-06
2.351692673983052322e-06
2.400950180572181007e-06
2.393452272713148079e-06
2.385052922022623348e-06
2.378122634922874466e-06
2.383557830398785712e-06
2.380776332984169113e-06
2.379109831167625275e-06
2.376970882664864012e-06
2.373643307009842626e-06
2.366871214576349303e-06
2.367153527984555576e-06
2.363763439348076509e-06
2.358282782779497262e-06
2.359549766879353952e-06
2.352828990410671293e-06
2.350210165786847752e-06
2.351387788621650408e-06
2.347327219922590099e-06
2.339948266580904720e-06
2.338608796890184698e-06
2.338400339567670033e-06
2.339510907063413622e-06
2.335629941967454147e-06
2.333238010692184718e-06
2.331284759975460407e-06
2.324135767253210496e-06
2.327358059233119935e-06
2.332224828478501775e-06
2.323509486359398376e-06
2.318839351573842645e-06
2.320724928495110531e-06
2.313829867830463508e-06
2.313103563551521616e-06
2.326960093910202010e-06
2.306678751438084992e-06
2.304197928992834847e-06
2.304704464108908774e-06
2.302253567449952141e-06
2.297480430115683499e-06
2.302364592878802677e-06
2.299311856859276355e-06
2.294666517741461525e-06
2.302439497725572437e-06
2.299538697911885014e-06
2.296577672495914141e-06
2.299101964240435455e-06
2.287007688437370353e-06
2.292192406798676716e-06
2.287773777425172840e-06
2.287989406113410781e-06
2.286020555857248939e-06
2.285082481421341106e-06
2.273975721323040658e-06
2.283806921354880615e-06
2.281876942333838257e-06
2.274749089679062173e-06
2.272921419148587961e-06
2.274725181905523726e-06
2.271683869707885792e-06
2.271402602787020543e-06
2.264509300289318868e-06
2.264589888341106569e-06
2.264280508370575313e-06
2.268215319531918828e-06
2.265899397571047184e-06
2.257158326983699158e-06
2.260014807689003697e-06
2.251953142149432131e-06
2.260572385353043433e-06
2.262313774394897472e-06
2.256107401876761202e-06
2.250135837016387272e-06
2.265889507384599897e-06
2.317244705523080416e-06
2.276594429986289351e-06
2.268042331934338814e-06
2.257433449699419539e-06
2.262206184013848678e-06
2.264165529481942754e-06
2.263291538042722231e-06
2.257646778502930744e-06
2.252202533554736688e-06
2.251262592380953686e-06
2.242355533894624200e-06
2.239408725586144993e-06
2.244125902279847803e-06
2.254487732216148136e-06
2.256304333627667768e-06
2.262111763116081538e-06
2.246035041366667564e-06
2.244454568653964292e-06
2.240940088995557795e-06
2.341684016187173104e-06
2.218432692302485436e-06
2.204944352115489773e-06
2.244540604579014968e-06
2.225954733034995974e-06
2.215445015849582012e-06
2.226314223321423805e-06
2.231046363476707653e-06
2.223709506097293546e-06
2.232541547186883690e-06
2.236497630292433229e-06
2.238884258645157185e-06
2.218838602061623651e-06
2.226795569413297791e-06
2.218841864873866177e-06
2.220430052943811664e-06
2.221262305397431005e-06
2.220937051333748799e-06
2.220163970036992362e-06
2.210137405995737919e-06
2.209517336950739399e-06
2.223880379119691345e-06
2.214763389929430644e-06
2.208240859431498461e-06
2.206965071991362526e-06
2.202572825353854670e-06
2.194167570337413020e-06
2.187902478567593959e-06
2.202381559186506063e-06
2.201920215725295041e-06
2.204495184514598906e-06
2.191793478232284576e-06
2.203606418902382050e-06
2.206181292763176316e-06
2.204091496764704163e-06
2.201377416213290552e-06
2.200741494107205484e-06
2.199986847131185438e-06
2.187992311633024791e-06
2.175599413476447842e-06
2.174602818172388737e-06
2.203422606612548390e-06
2.184117299179888353e-06
2.181988685947544378e-06
2.189548102364824461e-06
2.205303688924686935e-06
2.203823497097800942e-06
2.182468934393000449e-06
2.176670199673935679e-06
2.166209908409655259e-06
2.196240070020394138e-06
2.194776379838003692e-06
2.178122460350095765e-06
2.178927710474454012e-06
2.178367636247457808e-06
2.175606432501808588e-06
2.186916763662338798e-06
2.181156244205339909e-06
2.175588135173711448e-06
2.178213287606922592e-06
2.175961625994204951e-06
2.175484926283388767e-06
2.171339119740878113e-06
2.173921020016678153e-06
2.169199806303368086e-06
2.172075521116312404e-06
2.169463535324212142e-06
2.167274751059267299e-06
2.163417589713389857e-06
2.168398161188633669e-06
2.161982981192522755e-06
2.159254384537234812e-06
2.164683241971943079e-06
2.156248107780811399e-06
2.159051654189170374e-06
2.153434057277081609e-06
2.153558269242239289e-06
2.145611682635717358e-06
2.141987436630188431e-06
2.157671852955900046e-06
2.131880877982439483e-06
2.131049059812539849e-06
2.142910265092723556e-06
2.162373926353211370e-06
2.134665598987339729e-06
2.144581512197874132e-06
2.136435612669629522e-06
2.144489706665808660e-06
2.143261328342305273e-06
2.127451164142257750e-06
2.109373440930539682e-06
2.113739344054010821e-06
2.115213810611749220e-06
2.120267918144236302e-06
2.115607612722669660e-06
2.121833645105653095e-06
2.114148027203555204e-06
2.113645008989806042e-06
2.118067117748978439e-06
2.116308352810847468e-06
2.108346704972063703e-06
2.112104270963755038e-06
2.107388532976983731e-06
2.105707639543652307e-06
2.108143521581951012e-06
2.101668634395536931e-06
2.126000554767415401e-06
2.094503880130105228e-06
2.130945338763012927e-06
2.100038847743235204e-06
2.114347439601260889e-06
2.111433481104540835e-06
2.112680018626633547e-06
2.121110326243069535e-06
2.107048728134941298e-06
2.100414202459433101e-06
2.103022347341720922e-06
2.090683786946101497e-06
2.088501470893788775e-06
2.087140896378514468e-06
2.089274051968459406e-06
2.088581462658112083e-06
2.080627990039829320e-06
2.100780679938907405e-06
2.075431349339851396e-06
2.094370248642008072e-06
2.075979896289936868e-06
2.092530045842977263e-06
2.100269542779642456e-06
2.092250335294920575e-06
2.072436590765391901e-06
2.083540643411652279e-06
2.071096866416155569e-06
2.082868631987366639e-06
2.070015315780437789e-06
2.081181564790313200e-06
2.076084020927737787e-06
2.074662680797700853e-06
2.070315586024662531e-06
2.081051767390817952e-06
2.072839500328882575e-06
2.070895665156058402e-06
2.064704646045356521e-06
2.089717039552851794e-06
2.068271788857600853e-06
2.077013652410642156e-06
2.075774167451527522e-06
2.067940467895823395e-06
2.073565242994845971e-06
2.071224459427867327e-06
2.070303423238328951e-06
2.051407498129265116e-06
2.077838340142079603e-06
4.198806842055091422e-06
2.283724860490110434e-06
2.079198479805199709e-06
2.031461970091186333e-06
2.060742066305465431e-06
2.042382325839753406e-06
2.054163076081749750e-06
2.056378917814072338e-06
2.059654689219314419e-06
2.063420553781725362e-06
2.013339509971956245e-06
2.038217804738451394e-06
2.044368849851707552e-06
2.041123560729829580e-06
2.049378020956282955e-06
2.051830459208758941e-06
2.048906785034887519e-06
2.046359103928807616e-06
2.048320194489860888e-06
2.050861855877883516e-06
2.049522461788910902e-06
2.051890844541048678e-06
2.041944098323256117e-06
2.051709087140807174e-06
2.041827011680652301e-06
2.036529630800032380e-06
2.041770065943637713e-06
2.040255030237858608e-06
2.042612148329681060e-06
2.035932656667682767e-06
2.042744010850583419e-06
2.030499437069011003e-06
2.056392376061921704e-06
2.033812601780482611e-06
2.042065147520588771e-06
2.035456560065540662e-06
2.041063377760110699e-06
2.033267774095293185e-06
2.044254104589526900e-06
2.028773029110197984e-06
2.037141625237381891e-06
2.045702916575464600e-06
2.058570853478158689e-06
2.074738697501743242e-06
2.078267983733894839e-06
2.093386860906320937e-06
2.058705370586722017e-06
2.053377531865408081e-06
2.045559549515018968e-06
2.053037694622616880e-06
2.047721951612402285e-06
2.047831062554905606e-06
2.039100184560993647e-06
2.044322630467831744e-06
2.056099924629961521e-06
2.040270436509672521e-06
2.042944432218973884e-06
2.044589343768165993e-06
2.038373576169760764e-06
2.044470965643086150e-06
2.056183671470534910e-06
2.036847678255071345e-06
2.031486969826801147e-06
2.048481718475159141e-06
2.048525790883104390e-06
2.052598094337554188e-06
2.053199360148028216e-06
2.032598038681499104e-06
2.031280245660127667e-06
2.036467790276219721e-06
2.023045651071697580e-06
2.029001235541727443e-06
2.027528041139703300e-06
2.201638580459075337e-06
2.010793389217724240e-06
1.992941096204958689e-06
2.011650137205833676e-06
2.012863880054283038e-06
1.972372971295044290e-06
1.990317959439380400e-06
1.997916585878556429e-06
2.002625261070534281e-06
1.997771973378803336e-06
2.000056605311328810e-06
2.001462922294195072e-06
1.997940256615038549e-06
2.002055393290902599e-06
1.998943714625056532e-06
2.000524197569575183e-06
2.001684443371232344e-06
1.996510832213971298e-06
2.001695964963801106e-06
1.998577373001353340e-06
2.001099935569072807e-06
1.996289776116100290e-06
1.999202022489043986e-06
1.996198041638308394e-06
1.997830065647576872e-06
1.998882391376355169e-06
1.992885959793966339e-06
2.001041788162183467e-06
1.993446122128261608e-06
2.006985000093663866e-06
1.994969193219731266e-06
1.991677687556148259e-06
1.999754042003587444e-06
1.996119359546355588e-06
2.006304708288553094e-06
2.016583596855525820e-06
2.016321732867254299e-06
2.003491151185698999e-06
1.986273121588055750e-06
1.980793131792779554e-06
1.989560385595723516e-06
1.989012022818314848e-06
1.991032663113401281e-06
1.989455728903522094e-06
1.978690703481333726e-06
1.991203833426879959e-06
1.991145384749870403e-06
1.981301371642985235e-06
1.991349033119149782e-06
1.978341341555278496e-06
1.994605445361230421e-06
1.980355693262936206e-06
1.989440272041065361e-06
1.974418186136972644e-06
1.989791871892520988e-06
1.973811351945187384e-06
1.977271293753801779e-06
1.989737522762879945e-06
1.980671675596568059e-06
1.995198657027685772e-06
2.001283717163459910e-06
1.989908572568310791e-06
1.987944375514416437e-06
1.970933248571782349e-06
1.976385527768797971e-06
1.970096345189631376e-06
1.983108072636241356e-06
1.970409595060118574e-06
1.983815513426634628e-06
1.972399181795481093e-06
1.979567975922691250e-06
1.969960641190482505e-06
1.995154719338643071e-06
2.001395326374222333e-06
1.966792253824678601e-06
1.969574229292448040e-06
1.974569474896270684e-06
1.971689789002084784e-06
1.971365418285131624e-06
1.978040007770687242e-06
1.968988376006563966e-06
1.978575819521211189e-06
1.971982309783015909e-06
1.977709731022514529e-06
1.990961579281247277e-06
1.978380615241803837e-06
1.982055950406902479e-06
1.956211571609855834e-06
1.966927853800371059e-06
1.970258951473624688e-06
1.967207530810810415e-06
1.964412257393632814e-06
1.964744450333455376e-06
1.964761731301223132e-06
1.969495689309041962e-06
1.963706731658021250e-06
1.962310139447254018e-06
1.958400237072055478e-06
1.942300706900823604e-06
1.930415477886526601e-06
1.951787213556599522e-06
1.970356753986379975e-06
1.952765119312971432e-06
1.948834516838360321e-06
1.945566916674579058e-06
1.968078007053009229e-06
1.947479144064345848e-06
1.967602582908512146e-06
1.989583290082919154e-06
1.977304986553462960e-06
2.080152767121034954e-06
1.974265580315659497e-06
2.001756893150741217e-06
1.971488902086093561e-06
1.986428224540759436e-06
1.965712354490278982e-06
1.987891739076985822e-06
1.979671960157247651e-06
1.957139028831988777e-06
1.985645596960239227e-06
1.990805588434341138e-06
1.960073307714083007e-06
